    1   64    1
 12.011
    1    1  1.0000  0.0000  0.0000
-48.976414   0.000000  -0.000000
  0.173172   0.000000  -0.000000
  0.099214  -0.000000  -0.000000
  0.134174  -0.000000   0.000000
  0.099214  -0.000000  -0.000000
  0.134174   0.000000  -0.000000
 -0.586278   0.000000  -0.000000
  0.053340   0.000000  -0.000000
 10.149115  -3.044483   3.044483
 -0.063860  -0.098525   0.098525
 -0.164599  -0.098662  -0.036964
  0.097821  -0.124887   0.233067
 -0.164599   0.036964   0.098662
  0.097821  -0.233067   0.124887
  0.358679  -0.232185   0.232185
 -0.033275  -0.032159   0.032159
 10.148903   3.044404   3.044404
 -0.063924   0.098574   0.098574
 -0.164616   0.098678  -0.037032
  0.097809   0.124886   0.233093
 -0.164616  -0.037032   0.098678
  0.097809   0.233093   0.124886
  0.358642   0.232114   0.232114
 -0.033269   0.032194   0.032194
 10.149115   3.044483  -3.044483
 -0.063860   0.098525  -0.098525
 -0.164599   0.098662   0.036964
  0.097821   0.124887  -0.233067
 -0.164599  -0.036964  -0.098662
  0.097821   0.233067  -0.124887
  0.358679   0.232185  -0.232185
 -0.033275   0.032159  -0.032159
 10.148903  -3.044404  -3.044404
 -0.063924  -0.098574  -0.098574
 -0.164616  -0.098678   0.037032
  0.097809  -0.124886  -0.233093
 -0.164616   0.037032  -0.098678
  0.097809  -0.233093  -0.124886
  0.358642  -0.232114  -0.232114
 -0.033269  -0.032194  -0.032194
 -1.465365  -0.784421  -0.784421
 -0.069971  -0.041412  -0.041412
 -1.465374  -0.784465   0.784465
 -0.069990  -0.041403   0.041403
 -1.465374   0.784465  -0.784465
 -0.069990   0.041403  -0.041403
 -1.465365   0.784421   0.784421
 -0.069971   0.041412   0.041412
  1.651286   1.726284   0.784568
  1.651310  -1.726307   0.784600
  1.651286  -1.726284  -0.784568
  1.651310   1.726307  -0.784600
  0.086597  -0.071740   0.041577
  0.086588   0.071733   0.041583
  0.086597   0.071740  -0.041577
  0.086588  -0.071733  -0.041583
  1.651286   0.784568   1.726284
  1.651310   0.784600  -1.726307
  0.086597   0.041577  -0.071740
  0.086588   0.041583   0.071733
  1.651286  -0.784568  -1.726284
  1.651310  -0.784600   1.726307
  0.086597  -0.041577   0.071740
  0.086588  -0.041583  -0.071733
