    1   32    2
 12.011
    1    1  1.0000  0.0000  0.0000
-44.529376  -0.000147   0.000678
  6.342057  -0.000873  -0.000009
 -0.070184  -3.702570  -1.146760
 -0.069562   3.702209   1.147171
  0.108842   0.000295   0.000202
 -0.127424  -0.000374  -0.000026
  0.022724   0.086633  -0.070938
  0.023056  -0.086797   0.071136
 -0.113107   0.108461  -2.327174
 -0.112693  -0.108327   2.327391
  0.074766  -0.000463  -0.000038
 -0.009312   0.000651   0.000237
 -0.112971   0.108363   0.999516
 -0.112701  -0.108114  -0.999507
  0.073986  -0.000351  -0.000134
 -0.009819   0.000576   0.000261
  0.332352  -0.244800   0.015734
  0.332600   0.244987  -0.015807
 -0.091964  -0.000389   0.000020
  0.011564   0.000586  -0.000165
 12.544145  -3.021165   2.089355
 12.545481   3.021923  -2.090038
  7.310796  -0.000814   0.000001
 -0.636643   0.001226  -0.000579
  6.822350   0.000212  -0.000090
 -0.281261  -0.000384   0.000045
 -0.162744   0.068152   0.035799
 -0.162245  -0.068301  -0.035994
 -0.239162   0.000237  -0.000136
  0.144942  -0.000392  -0.000009
  0.075601  -0.040129  -0.160204
  0.075908   0.039878   0.160064
    1    2  0.0000  0.0000  1.0000
 -0.000000   0.000000 -42.855408
  0.000000   1.324096  -1.264132
 -1.146701  -0.662048  -1.264132
  1.146701  -0.662048  -1.264132
  0.000000   0.000000  -0.015036
  0.000000   0.082054   0.067531
 -0.071061  -0.041027   0.067531
  0.071061  -0.041027   0.067531
 -0.998254   0.576342   1.800159
  0.998254   0.576342   1.800159
  0.000000  -1.152685   1.800159
  0.000000   0.000000   0.147058
  2.326814  -1.343387   1.798386
 -2.326814  -1.343387   1.798386
 -0.000000   2.686773   1.798386
  0.000000   0.000000   0.146941
  0.015062  -0.008696  -0.170276
 -0.015062  -0.008696  -0.170276
  0.000000   0.017392  -0.170276
 -0.000000   0.000000   0.108252
  2.087077  -1.204974   7.699634
 -2.087077  -1.204974   7.699634
  0.000000   2.409949   7.699634
  0.000000   0.000000  -0.011730
  0.000000   0.000000  11.331829
  0.000000   0.040777  -0.078756
 -0.035314  -0.020388  -0.078756
  0.035314  -0.020388  -0.078756
  0.000000   0.000000   0.064772
 -0.000000  -0.186344   0.508560
  0.161378   0.093172   0.508560
 -0.161378   0.093172   0.508560
