    1   32    4
 12.011
    1    1  1.0000  0.0000  0.0000
-62.872283  -0.051734   0.000000
  9.148053   0.005223   0.000000
 -1.035433  -5.888207   0.000000
 -1.042309   5.882080   0.000000
  0.008005   0.002593   0.000000
  0.010237   0.002853   0.000000
  0.003039  -0.000704   0.000000
  0.003403   0.006494   0.000000
 -0.009495   0.002580  -0.000092
  0.013667   0.002892  -0.000167
  0.001982  -0.003640  -0.000762
  0.002119   0.009472   0.000865
 -0.009495   0.002580   0.000092
  0.013667   0.002892   0.000167
  0.001982  -0.003640   0.000762
  0.002119   0.009472  -0.000865
  9.251173   0.001777   0.000000
  1.353095   0.005927   0.000000
 22.523579  -7.674433   0.000000
 22.533437   7.652689   0.000000
  0.009242   0.003057   0.000000
  0.003330   0.003176   0.000000
  0.000360   0.007542   0.000000
  0.000608  -0.001802   0.000000
  0.010697   0.008879   0.001224
  0.010683  -0.003591  -0.001413
  0.021463   0.002542  -0.000038
  0.000118   0.002603   0.000091
  0.010697   0.008879  -0.001224
  0.010683  -0.003591   0.001413
  0.021463   0.002542   0.000038
  0.000118   0.002603  -0.000091
    1    2  0.0000  0.0000  1.0000
  0.000000  -0.000000 -14.406285
 -0.000000   0.000001  -0.786367
 -0.000001  -0.000001  -0.786367
  0.000001  -0.000001  -0.786367
  0.000000  -0.000000  -0.000727
 -0.000000   0.000009   0.000007
 -0.000008  -0.000005   0.000007
  0.000008  -0.000005   0.000007
 -0.000000  -0.000000   0.006920
 -0.000000   0.000932  -0.004172
 -0.000807  -0.000466  -0.004172
  0.000807  -0.000466  -0.004172
  0.000000  -0.000000   0.005516
  0.000000  -0.000731  -0.003311
  0.000633   0.000365  -0.003311
 -0.000633   0.000365  -0.003311
 -0.000000   0.002927   5.167388
 -0.000000  -0.000000   1.262231
  0.002535  -0.001463   5.167388
 -0.002535  -0.001463   5.167388
  0.000000  -0.000038  -0.000390
 -0.000000   0.000000  -0.000117
 -0.000033   0.000019  -0.000390
  0.000033   0.000019  -0.000390
  0.001358   0.000784   0.005477
 -0.001358   0.000784   0.005477
  0.000000  -0.000000  -0.010426
  0.000000  -0.001568   0.005477
 -0.001494  -0.000863   0.005112
  0.001494  -0.000863   0.005112
 -0.000000   0.000000  -0.008343
 -0.000000   0.001726   0.005112
   17    1  1.0000  0.0000  0.0000
  9.258706  -0.027522   0.000000
  1.358063  -0.005127   0.000000
 22.526290  -7.663448   0.000000
 22.529998   7.661023   0.000000
  0.009031  -0.001110   0.000000
  0.003264  -0.000259   0.000000
  0.000137   0.005772   0.000000
  0.000536  -0.004504   0.000000
  0.000282   0.001576  -0.000257
  0.020912   0.002038   0.000369
  0.010657  -0.004511  -0.001270
  0.010318   0.006834   0.001747
  0.000282   0.001576   0.000257
  0.020912   0.002038  -0.000369
  0.010657  -0.004511   0.001270
  0.010318   0.006834  -0.001747
-62.868256  -0.003342   0.000000
  9.137341   0.009972   0.000000
 -1.025224  -5.868673   0.000000
 -1.019936   5.877264   0.000000
  0.008661   0.001133   0.000000
  0.009639   0.000414   0.000000
  0.002996  -0.001216   0.000000
  0.003423   0.006390   0.000000
 -0.002593  -0.004078  -0.007101
 -0.002527   0.005461   0.007009
 -0.011324  -0.000631   0.000221
  0.006939  -0.000071  -0.000163
 -0.002593  -0.004078   0.007101
 -0.002527   0.005461  -0.007009
 -0.011324  -0.000631  -0.000221
  0.006939  -0.000071   0.000163
   17    2  0.0000  0.0000  1.0000
  0.000000  -0.000284   5.163913
 -0.000000   0.000000   1.255811
 -0.000246   0.000142   5.163913
  0.000246   0.000142   5.163913
 -0.000000   0.000009   0.001485
  0.000000  -0.000000   0.001537
  0.000008  -0.000004   0.001485
 -0.000008  -0.000004   0.001485
  0.000000  -0.001367   0.008071
 -0.000000   0.000000  -0.007493
 -0.001184   0.000684   0.008071
  0.001184   0.000684   0.008071
 -0.000000   0.001300   0.008440
 -0.000000   0.000000  -0.006427
  0.001126  -0.000650   0.008440
 -0.001126  -0.000650   0.008440
  0.000000   0.000000 -14.430072
  0.000000  -0.000607  -0.795371
  0.000525   0.000303  -0.795371
 -0.000525   0.000303  -0.795371
 -0.000000   0.000000   0.002775
 -0.000000   0.000011   0.001382
 -0.000009  -0.000005   0.001382
  0.000009  -0.000005   0.001382
 -0.007465   0.004310   0.002315
  0.007465   0.004310   0.002315
  0.000000  -0.008620   0.002315
  0.000000   0.000000   0.003278
  0.006858  -0.003960   0.001943
 -0.006858  -0.003960   0.001943
 -0.000000   0.007920   0.001943
  0.000000  -0.000000   0.004055
