    1   32    2
 12.011
    1    1  1.0000  0.0000  0.0000
-44.529354  -0.000146   0.000677
  6.342073  -0.000874  -0.000009
 -0.070173  -3.702575  -1.146759
 -0.069556   3.702214   1.147172
  0.108844   0.000295   0.000202
 -0.127427  -0.000374  -0.000025
  0.022723   0.086635  -0.070939
  0.023054  -0.086798   0.071138
 -0.113106   0.108463  -2.327177
 -0.112693  -0.108329   2.327392
  0.074770  -0.000463  -0.000038
 -0.009319   0.000651   0.000236
 -0.112966   0.108363   0.999515
 -0.112699  -0.108114  -0.999508
  0.073989  -0.000351  -0.000135
 -0.009826   0.000574   0.000262
  0.332353  -0.244800   0.015731
  0.332598   0.244988  -0.015805
 -0.091965  -0.000388   0.000020
  0.011564   0.000585  -0.000164
 12.544148  -3.021176   2.089356
 12.545479   3.021933  -2.090036
  7.310780  -0.000813   0.000001
 -0.636655   0.001227  -0.000577
  6.822333   0.000214  -0.000090
 -0.281268  -0.000386   0.000043
 -0.162741   0.068157   0.035802
 -0.162246  -0.068307  -0.036000
 -0.239162   0.000237  -0.000135
  0.144941  -0.000391  -0.000010
  0.075600  -0.040130  -0.160200
  0.075907   0.039879   0.160059
    1    2  0.0000  0.0000  1.0000
  0.000000  -0.000000 -42.855407
 -0.000000   1.324100  -1.264133
 -1.146704  -0.662050  -1.264133
  1.146704  -0.662050  -1.264133
 -0.000000   0.000000  -0.015035
 -0.000000   0.082053   0.067532
 -0.071060  -0.041027   0.067532
  0.071060  -0.041027   0.067532
 -0.998259   0.576345   1.800159
  0.998259   0.576345   1.800159
 -0.000000  -1.152690   1.800159
  0.000000  -0.000000   0.147058
  2.326814  -1.343386   1.798386
 -2.326814  -1.343386   1.798386
  0.000000   2.686773   1.798386
 -0.000000   0.000000   0.146939
  0.015062  -0.008696  -0.170276
 -0.015062  -0.008696  -0.170276
  0.000000   0.017392  -0.170276
 -0.000000   0.000000   0.108252
  2.087073  -1.204972   7.699638
 -2.087073  -1.204972   7.699638
 -0.000000   2.409944   7.699638
  0.000000   0.000000  -0.011733
 -0.000000   0.000000  11.331824
 -0.000000   0.040778  -0.078753
 -0.035314  -0.020389  -0.078753
  0.035314  -0.020389  -0.078753
  0.000000   0.000000   0.064770
 -0.000000  -0.186345   0.508559
  0.161380   0.093173   0.508559
 -0.161380   0.093173   0.508559
