    1   64    1
 12.011
    1    1  1.0000  0.0000  0.0000
-48.976425   0.000000   0.000000
  0.173175   0.000000   0.000000
  0.099212   0.000000  -0.000000
  0.134177   0.000000   0.000000
  0.099212  -0.000000   0.000000
  0.134177   0.000000   0.000000
 -0.586277   0.000000   0.000000
  0.053341  -0.000000  -0.000000
 10.149116  -3.044477   3.044477
 -0.063857  -0.098526   0.098526
 -0.164600  -0.098660  -0.036963
  0.097821  -0.124885   0.233066
 -0.164600   0.036963   0.098660
  0.097821  -0.233066   0.124885
  0.358680  -0.232185   0.232185
 -0.033275  -0.032159   0.032159
 10.148903   3.044398   3.044398
 -0.063921   0.098574   0.098574
 -0.164616   0.098676  -0.037031
  0.097809   0.124885   0.233092
 -0.164616  -0.037031   0.098676
  0.097809   0.233092   0.124885
  0.358643   0.232114   0.232114
 -0.033269   0.032193   0.032193
 10.149116   3.044477  -3.044477
 -0.063857   0.098526  -0.098526
 -0.164600   0.098660   0.036963
  0.097821   0.124885  -0.233066
 -0.164600  -0.036963  -0.098660
  0.097821   0.233066  -0.124885
  0.358680   0.232185  -0.232185
 -0.033275   0.032159  -0.032159
 10.148903  -3.044398  -3.044398
 -0.063921  -0.098574  -0.098574
 -0.164616  -0.098676   0.037031
  0.097809  -0.124885  -0.233092
 -0.164616   0.037031  -0.098676
  0.097809  -0.233092  -0.124885
  0.358643  -0.232114  -0.232114
 -0.033269  -0.032193  -0.032193
 -1.465365  -0.784420  -0.784420
 -0.069970  -0.041413  -0.041413
 -1.465374  -0.784465   0.784465
 -0.069990  -0.041403   0.041403
 -1.465374   0.784465  -0.784465
 -0.069990   0.041403  -0.041403
 -1.465365   0.784420   0.784420
 -0.069970   0.041413   0.041413
  1.651286   1.726282   0.784567
  1.651309  -1.726306   0.784600
  1.651286  -1.726282  -0.784567
  1.651309   1.726306  -0.784600
  0.086596  -0.071739   0.041577
  0.086587   0.071731   0.041582
  0.086596   0.071739  -0.041577
  0.086587  -0.071731  -0.041582
  1.651286   0.784567   1.726282
  1.651309   0.784600  -1.726306
  0.086596   0.041577  -0.071739
  0.086587   0.041582   0.071731
  1.651286  -0.784567  -1.726282
  1.651309  -0.784600   1.726306
  0.086596  -0.041577   0.071739
  0.086587  -0.041582  -0.071731
