    1   32    2
 12.011
    1    1  1.0000  0.0000  0.0000
-44.529405  -0.000148   0.000677
  6.342090  -0.000875  -0.000008
 -0.070158  -3.702575  -1.146760
 -0.069541   3.702215   1.147172
  0.108848   0.000295   0.000203
 -0.127431  -0.000374  -0.000026
  0.022724   0.086637  -0.070941
  0.023054  -0.086801   0.071139
 -0.113103   0.108459  -2.327178
 -0.112689  -0.108324   2.327396
  0.074767  -0.000463  -0.000038
 -0.009320   0.000651   0.000236
 -0.112960   0.108360   0.999511
 -0.112694  -0.108111  -0.999504
  0.073991  -0.000350  -0.000134
 -0.009831   0.000575   0.000261
  0.332355  -0.244802   0.015725
  0.332599   0.244990  -0.015799
 -0.091966  -0.000388   0.000020
  0.011566   0.000585  -0.000165
 12.544179  -3.021219   2.089377
 12.545509   3.021976  -2.090061
  7.310739  -0.000813   0.000001
 -0.636658   0.001227  -0.000576
  6.822300   0.000213  -0.000090
 -0.281271  -0.000384   0.000044
 -0.162740   0.068159   0.035812
 -0.162245  -0.068308  -0.036008
 -0.239154   0.000237  -0.000135
  0.144937  -0.000391  -0.000010
  0.075601  -0.040128  -0.160198
  0.075905   0.039876   0.160057
    1    2  0.0000  0.0000  1.0000
  0.000000  -0.000000 -42.855378
  0.000000   1.324098  -1.264134
 -1.146703  -0.662049  -1.264134
  1.146703  -0.662049  -1.264134
 -0.000000  -0.000000  -0.015037
 -0.000000   0.082052   0.067531
 -0.071059  -0.041026   0.067531
  0.071059  -0.041026   0.067531
 -0.998255   0.576343   1.800157
  0.998255   0.576343   1.800157
 -0.000000  -1.152685   1.800157
 -0.000000   0.000000   0.147056
  2.326815  -1.343387   1.798383
 -2.326815  -1.343387   1.798383
 -0.000000   2.686775   1.798383
 -0.000000   0.000000   0.146938
  0.015065  -0.008698  -0.170276
 -0.015065  -0.008698  -0.170276
  0.000000   0.017396  -0.170276
 -0.000000  -0.000000   0.108248
  2.087068  -1.204969   7.699640
 -2.087068  -1.204969   7.699640
  0.000000   2.409938   7.699640
  0.000000  -0.000000  -0.011731
 -0.000000   0.000000  11.331817
  0.000000   0.040772  -0.078755
 -0.035309  -0.020386  -0.078755
  0.035309  -0.020386  -0.078755
  0.000000   0.000000   0.064773
 -0.000000  -0.186347   0.508560
  0.161381   0.093173   0.508560
 -0.161381   0.093173   0.508560
