    1   64    1
 12.011
    1    1  1.0000  0.0000  0.0000
-48.976438   0.000000  -0.000000
  0.173178   0.000000  -0.000000
  0.099207   0.000000  -0.000000
  0.134184  -0.000000   0.000000
  0.099207   0.000000  -0.000000
  0.134184   0.000000  -0.000000
 -0.586283   0.000000   0.000000
  0.053346  -0.000000  -0.000000
 10.149118  -3.044479   3.044479
 -0.063849  -0.098526   0.098526
 -0.164606  -0.098662  -0.036958
  0.097819  -0.124880   0.233067
 -0.164606   0.036958   0.098662
  0.097819  -0.233067   0.124880
  0.358682  -0.232184   0.232184
 -0.033271  -0.032158   0.032158
 10.148903   3.044399   3.044399
 -0.063914   0.098573   0.098573
 -0.164622   0.098678  -0.037027
  0.097808   0.124881   0.233093
 -0.164622  -0.037027   0.098678
  0.097808   0.233093   0.124881
  0.358645   0.232114   0.232114
 -0.033264   0.032192   0.032192
 10.149118   3.044479  -3.044479
 -0.063849   0.098526  -0.098526
 -0.164606   0.098662   0.036958
  0.097819   0.124880  -0.233067
 -0.164606  -0.036958  -0.098662
  0.097819   0.233067  -0.124880
  0.358682   0.232184  -0.232184
 -0.033271   0.032158  -0.032158
 10.148903  -3.044399  -3.044399
 -0.063914  -0.098573  -0.098573
 -0.164622  -0.098678   0.037027
  0.097808  -0.124881  -0.233093
 -0.164622   0.037027  -0.098678
  0.097808  -0.233093  -0.124881
  0.358645  -0.232114  -0.232114
 -0.033264  -0.032192  -0.032192
 -1.465358  -0.784429  -0.784429
 -0.069969  -0.041412  -0.041412
 -1.465366  -0.784475   0.784475
 -0.069990  -0.041403   0.041403
 -1.465366   0.784475  -0.784475
 -0.069990   0.041403  -0.041403
 -1.465358   0.784429   0.784429
 -0.069969   0.041412   0.041412
  1.651283   1.726281   0.784571
  1.651307  -1.726303   0.784605
  1.651283  -1.726281  -0.784571
  1.651307   1.726303  -0.784605
  0.086595  -0.071738   0.041578
  0.086586   0.071732   0.041584
  0.086595   0.071738  -0.041578
  0.086586  -0.071732  -0.041584
  1.651283   0.784571   1.726281
  1.651307   0.784605  -1.726303
  0.086595   0.041578  -0.071738
  0.086586   0.041584   0.071732
  1.651283  -0.784571  -1.726281
  1.651307  -0.784605   1.726303
  0.086595  -0.041578   0.071738
  0.086586  -0.041584  -0.071732
