    1   32    4
 12.011
    1    1  1.0000  0.0000  0.0000
-62.872056  -0.051399   0.000000
  9.148085   0.005134   0.000000
 -1.035591  -5.888283   0.000000
 -1.042261   5.882148   0.000000
  0.007991   0.002575   0.000000
  0.010220   0.002845   0.000000
  0.003025  -0.000719   0.000000
  0.003392   0.006476   0.000000
 -0.009510   0.002566  -0.000093
  0.013651   0.002880  -0.000165
  0.001968  -0.003658  -0.000763
  0.002105   0.009454   0.000864
 -0.009510   0.002566   0.000093
  0.013651   0.002880   0.000165
  0.001968  -0.003658   0.000763
  0.002105   0.009454  -0.000864
  9.251250   0.001803   0.000000
  1.353026   0.005880   0.000000
 22.523700  -7.674513   0.000000
 22.533496   7.652904   0.000000
  0.009227   0.003041   0.000000
  0.003316   0.003161   0.000000
  0.000345   0.007534   0.000000
  0.000596  -0.001818   0.000000
  0.010684   0.008866   0.001222
  0.010668  -0.003600  -0.001411
  0.021449   0.002524  -0.000037
  0.000104   0.002583   0.000091
  0.010684   0.008866  -0.001222
  0.010668  -0.003600   0.001411
  0.021449   0.002524   0.000037
  0.000104   0.002583  -0.000091
    1    2  0.0000  0.0000  1.0000
  0.000000  -0.000000 -14.406281
 -0.000000   0.000014  -0.786275
 -0.000012  -0.000007  -0.786275
  0.000012  -0.000007  -0.786275
  0.000000   0.000000  -0.000772
 -0.000000   0.000009  -0.000032
 -0.000008  -0.000005  -0.000032
  0.000008  -0.000005  -0.000032
 -0.000000   0.000000   0.006885
 -0.000000   0.000931  -0.004205
 -0.000806  -0.000465  -0.004205
  0.000806  -0.000465  -0.004205
 -0.000000   0.000000   0.005482
  0.000000  -0.000729  -0.003337
  0.000631   0.000364  -0.003337
 -0.000631   0.000364  -0.003337
 -0.000000   0.002930   5.167541
  0.000000  -0.000000   1.262299
  0.002538  -0.001465   5.167541
 -0.002538  -0.001465   5.167541
  0.000000  -0.000036  -0.000431
 -0.000000   0.000000  -0.000151
 -0.000031   0.000018  -0.000431
  0.000031   0.000018  -0.000431
  0.001354   0.000782   0.005449
 -0.001354   0.000782   0.005449
  0.000000  -0.000000  -0.010456
  0.000000  -0.001563   0.005449
 -0.001492  -0.000861   0.005078
  0.001492  -0.000861   0.005078
 -0.000000   0.000000  -0.008371
 -0.000000   0.001723   0.005078
   17    1  1.0000  0.0000  0.0000
  9.258877  -0.027374   0.000000
  1.358105  -0.005133   0.000000
 22.526121  -7.663463   0.000000
 22.529996   7.661158   0.000000
  0.009024  -0.001134   0.000000
  0.003263  -0.000277   0.000000
  0.000130   0.005753   0.000000
  0.000522  -0.004528   0.000000
  0.000278   0.001556  -0.000257
  0.020913   0.002024   0.000368
  0.010653  -0.004529  -0.001269
  0.010306   0.006809   0.001750
  0.000278   0.001556   0.000257
  0.020913   0.002024  -0.000368
  0.010653  -0.004529   0.001269
  0.010306   0.006809  -0.001750
-62.868220  -0.003176   0.000000
  9.137301   0.009933   0.000000
 -1.025154  -5.868671   0.000000
 -1.019891   5.877359   0.000000
  0.008651   0.001110   0.000000
  0.009635   0.000397   0.000000
  0.002998  -0.001228   0.000000
  0.003416   0.006366   0.000000
 -0.002603  -0.004101  -0.007102
 -0.002530   0.005445   0.007009
 -0.011330  -0.000651   0.000222
  0.006927  -0.000098  -0.000167
 -0.002603  -0.004101   0.007102
 -0.002530   0.005445  -0.007009
 -0.011330  -0.000651  -0.000222
  0.006927  -0.000098   0.000167
   17    2  0.0000  0.0000  1.0000
  0.000000  -0.000286   5.163841
 -0.000000   0.000000   1.255767
 -0.000248   0.000143   5.163841
  0.000248   0.000143   5.163841
 -0.000000   0.000009   0.001522
  0.000000   0.000000   0.001575
  0.000008  -0.000004   0.001522
 -0.000008  -0.000004   0.001522
  0.000000  -0.001372   0.008074
  0.000000  -0.000000  -0.007486
 -0.001188   0.000686   0.008074
  0.001188   0.000686   0.008074
 -0.000000   0.001306   0.008447
 -0.000000   0.000000  -0.006419
  0.001131  -0.000653   0.008447
 -0.001131  -0.000653   0.008447
  0.000000   0.000000 -14.430192
  0.000000  -0.000605  -0.795379
  0.000524   0.000303  -0.795379
 -0.000524   0.000303  -0.795379
 -0.000000   0.000000   0.002817
 -0.000000   0.000008   0.001434
 -0.000007  -0.000004   0.001434
  0.000007  -0.000004   0.001434
 -0.007461   0.004308   0.002327
  0.007461   0.004308   0.002327
  0.000000  -0.008616   0.002327
 -0.000000  -0.000000   0.003279
  0.006858  -0.003959   0.001944
 -0.006858  -0.003959   0.001944
 -0.000000   0.007919   0.001944
 -0.000000   0.000000   0.004034
