    1   32    4
 12.011
    1    1  1.0000  0.0000  0.0000
-62.872212  -0.051784   0.000000
  9.148019   0.005255   0.000000
 -1.035397  -5.888234   0.000000
 -1.042274   5.882110   0.000000
  0.008002   0.002591   0.000000
  0.010235   0.002856   0.000000
  0.003031  -0.000704   0.000000
  0.003397   0.006493   0.000000
 -0.009498   0.002580  -0.000088
  0.013661   0.002891  -0.000165
  0.001974  -0.003640  -0.000767
  0.002111   0.009474   0.000867
 -0.009498   0.002580   0.000088
  0.013661   0.002891   0.000165
  0.001974  -0.003640   0.000767
  0.002111   0.009474  -0.000867
  9.251296   0.001859   0.000000
  1.353105   0.005919   0.000000
 22.523446  -7.674519   0.000000
 22.533475   7.652707   0.000000
  0.009236   0.003057   0.000000
  0.003322   0.003177   0.000000
  0.000354   0.007543   0.000000
  0.000601  -0.001802   0.000000
  0.010693   0.008879   0.001221
  0.010678  -0.003593  -0.001411
  0.021454   0.002541  -0.000037
  0.000110   0.002605   0.000090
  0.010693   0.008879  -0.001221
  0.010678  -0.003593   0.001411
  0.021454   0.002541   0.000037
  0.000110   0.002605  -0.000090
    1    2  0.0000  0.0000  1.0000
 -0.000000   0.000000 -14.405887
  0.000000  -0.000032  -0.786364
  0.000028   0.000016  -0.786364
 -0.000028   0.000016  -0.786364
  0.000000   0.000000  -0.000767
 -0.000000   0.000010  -0.000028
 -0.000008  -0.000005  -0.000028
  0.000008  -0.000005  -0.000028
  0.000000   0.000000   0.006893
 -0.000000   0.000931  -0.004194
 -0.000806  -0.000465  -0.004194
  0.000806  -0.000465  -0.004194
  0.000000  -0.000000   0.005496
  0.000000  -0.000729  -0.003334
  0.000631   0.000364  -0.003334
 -0.000631   0.000364  -0.003334
 -0.000000   0.002912   5.167517
  0.000000  -0.000000   1.262102
  0.002522  -0.001456   5.167517
 -0.002522  -0.001456   5.167517
  0.000000  -0.000039  -0.000429
 -0.000000   0.000000  -0.000161
 -0.000033   0.000019  -0.000429
  0.000033   0.000019  -0.000429
  0.001359   0.000784   0.005454
 -0.001359   0.000784   0.005454
  0.000000  -0.000000  -0.010448
  0.000000  -0.001569   0.005454
 -0.001491  -0.000861   0.005086
  0.001491  -0.000861   0.005086
  0.000000  -0.000000  -0.008355
 -0.000000   0.001722   0.005086
   17    1  1.0000  0.0000  0.0000
  9.258583  -0.027429   0.000000
  1.357983  -0.005110   0.000000
 22.526544  -7.663468   0.000000
 22.530367   7.660991   0.000000
  0.009006  -0.001110   0.000000
  0.003239  -0.000257   0.000000
  0.000109   0.005773   0.000000
  0.000506  -0.004503   0.000000
  0.000257   0.001576  -0.000255
  0.020885   0.002039   0.000367
  0.010630  -0.004511  -0.001272
  0.010289   0.006833   0.001752
  0.000257   0.001576   0.000255
  0.020885   0.002039  -0.000367
  0.010630  -0.004511   0.001272
  0.010289   0.006833  -0.001752
-62.867859  -0.003449   0.000000
  9.137452   0.010062   0.000000
 -1.025341  -5.868734   0.000000
 -1.020079   5.877282   0.000000
  0.008632   0.001133   0.000000
  0.009608   0.000414   0.000000
  0.002970  -0.001215   0.000000
  0.003396   0.006389   0.000000
 -0.002622  -0.004076  -0.007097
 -0.002554   0.005462   0.007007
 -0.011355  -0.000635   0.000221
  0.006911  -0.000072  -0.000170
 -0.002622  -0.004076   0.007097
 -0.002554   0.005462  -0.007007
 -0.011355  -0.000635  -0.000221
  0.006911  -0.000072   0.000170
   17    2  0.0000  0.0000  1.0000
  0.000000  -0.000258   5.164131
 -0.000000   0.000000   1.255873
 -0.000223   0.000129   5.164131
  0.000223   0.000129   5.164131
 -0.000000   0.000009   0.001416
 -0.000000   0.000000   0.001487
  0.000008  -0.000005   0.001416
 -0.000008  -0.000005   0.001416
  0.000000  -0.001364   0.008027
 -0.000000  -0.000000  -0.007527
 -0.001181   0.000682   0.008027
  0.001181   0.000682   0.008027
 -0.000000   0.001294   0.008400
  0.000000  -0.000000  -0.006463
  0.001120  -0.000647   0.008400
 -0.001120  -0.000647   0.008400
 -0.000000   0.000000 -14.429672
  0.000000  -0.000557  -0.795330
  0.000482   0.000278  -0.795330
 -0.000482   0.000278  -0.795330
  0.000000  -0.000000   0.002670
 -0.000000   0.000019   0.001316
 -0.000017  -0.000010   0.001316
  0.000017  -0.000010   0.001316
 -0.007465   0.004310   0.002270
  0.007465   0.004310   0.002270
  0.000000  -0.008620   0.002270
  0.000000   0.000000   0.003225
  0.006863  -0.003962   0.001902
 -0.006863  -0.003962   0.001902
 -0.000000   0.007924   0.001902
  0.000000  -0.000000   0.004008
