    1   32    4
 12.011
    1    1  1.0000  0.0000  0.0000
-62.872005  -0.051406   0.000000
  9.148104   0.005136   0.000000
 -1.035594  -5.888290   0.000000
 -1.042267   5.882155   0.000000
  0.007991   0.002575   0.000000
  0.010218   0.002846   0.000000
  0.003024  -0.000718   0.000000
  0.003391   0.006476   0.000000
 -0.009510   0.002567  -0.000093
  0.013650   0.002880  -0.000166
  0.001967  -0.003657  -0.000763
  0.002104   0.009455   0.000864
 -0.009510   0.002567   0.000093
  0.013650   0.002880   0.000166
  0.001967  -0.003657   0.000763
  0.002104   0.009455  -0.000864
  9.251247   0.001805   0.000000
  1.353026   0.005880   0.000000
 22.523684  -7.674497   0.000000
 22.533482   7.652885   0.000000
  0.009226   0.003041   0.000000
  0.003314   0.003160   0.000000
  0.000343   0.007535   0.000000
  0.000593  -0.001818   0.000000
  0.010683   0.008866   0.001222
  0.010667  -0.003600  -0.001411
  0.021448   0.002524  -0.000037
  0.000103   0.002583   0.000091
  0.010683   0.008866  -0.001222
  0.010667  -0.003600   0.001411
  0.021448   0.002524   0.000037
  0.000103   0.002583  -0.000091
    1    2  0.0000  0.0000  1.0000
 -0.000000  -0.000000 -14.406502
 -0.000000   0.000013  -0.786330
 -0.000012  -0.000007  -0.786330
  0.000012  -0.000007  -0.786330
  0.000000   0.000000  -0.000726
 -0.000000   0.000010   0.000012
 -0.000009  -0.000005   0.000012
  0.000009  -0.000005   0.000012
  0.000000  -0.000000   0.006914
 -0.000000   0.000933  -0.004176
 -0.000808  -0.000467  -0.004176
  0.000808  -0.000467  -0.004176
 -0.000000   0.000000   0.005513
  0.000000  -0.000730  -0.003309
  0.000632   0.000365  -0.003309
 -0.000632   0.000365  -0.003309
 -0.000000   0.002932   5.167408
 -0.000000  -0.000000   1.262264
  0.002539  -0.001466   5.167408
 -0.002539  -0.001466   5.167408
  0.000000  -0.000037  -0.000387
  0.000000   0.000000  -0.000107
 -0.000032   0.000018  -0.000387
  0.000032   0.000018  -0.000387
  0.001357   0.000783   0.005478
 -0.001357   0.000783   0.005478
 -0.000000   0.000000  -0.010429
  0.000000  -0.001567   0.005478
 -0.001493  -0.000862   0.005109
  0.001493  -0.000862   0.005109
 -0.000000   0.000000  -0.008346
 -0.000000   0.001724   0.005109
   17    1  1.0000  0.0000  0.0000
  9.258890  -0.027377   0.000000
  1.358124  -0.005132   0.000000
 22.526057  -7.663421   0.000000
 22.529929   7.661116   0.000000
  0.009023  -0.001134   0.000000
  0.003262  -0.000275   0.000000
  0.000129   0.005753   0.000000
  0.000520  -0.004529   0.000000
  0.000278   0.001556  -0.000258
  0.020913   0.002024   0.000367
  0.010652  -0.004529  -0.001268
  0.010305   0.006810   0.001748
  0.000278   0.001556   0.000258
  0.020913   0.002024  -0.000367
  0.010652  -0.004529   0.001268
  0.010305   0.006810  -0.001748
-62.868139  -0.003179   0.000000
  9.137337   0.009932   0.000000
 -1.025158  -5.868694   0.000000
 -1.019894   5.877382   0.000000
  0.008651   0.001110   0.000000
  0.009636   0.000398   0.000000
  0.002997  -0.001229   0.000000
  0.003416   0.006367   0.000000
 -0.002604  -0.004101  -0.007103
 -0.002530   0.005445   0.007010
 -0.011330  -0.000651   0.000221
  0.006927  -0.000098  -0.000167
 -0.002604  -0.004101   0.007103
 -0.002530   0.005445  -0.007010
 -0.011330  -0.000651  -0.000221
  0.006927  -0.000098   0.000167
   17    2  0.0000  0.0000  1.0000
  0.000000  -0.000278   5.163903
  0.000000  -0.000000   1.255819
 -0.000241   0.000139   5.163903
  0.000241   0.000139   5.163903
 -0.000000   0.000009   0.001495
  0.000000  -0.000000   0.001551
  0.000008  -0.000005   0.001495
 -0.000008  -0.000005   0.001495
  0.000000  -0.001367   0.008069
 -0.000000   0.000000  -0.007488
 -0.001184   0.000683   0.008069
  0.001184   0.000683   0.008069
 -0.000000   0.001301   0.008443
  0.000000  -0.000000  -0.006427
  0.001127  -0.000650   0.008443
 -0.001127  -0.000650   0.008443
 -0.000000  -0.000000 -14.430168
  0.000000  -0.000612  -0.795375
  0.000530   0.000306  -0.795375
 -0.000530   0.000306  -0.795375
 -0.000000   0.000000   0.002786
 -0.000000   0.000010   0.001396
 -0.000009  -0.000005   0.001396
  0.000009  -0.000005   0.001396
 -0.007464   0.004310   0.002324
  0.007464   0.004310   0.002324
  0.000000  -0.008619   0.002324
 -0.000000   0.000000   0.003285
  0.006859  -0.003960   0.001943
 -0.006859  -0.003960   0.001943
 -0.000000   0.007920   0.001943
 -0.000000   0.000000   0.004049
