    1   32    4
 12.011
    1    1  1.0000  0.0000  0.0000
-62.872115  -0.051409   0.000000
  9.148069   0.005136   0.000000
 -1.035590  -5.888268   0.000000
 -1.042263   5.882132   0.000000
  0.007992   0.002575   0.000000
  0.010220   0.002845   0.000000
  0.003026  -0.000718   0.000000
  0.003393   0.006476   0.000000
 -0.009508   0.002566  -0.000093
  0.013651   0.002880  -0.000165
  0.001969  -0.003657  -0.000763
  0.002106   0.009455   0.000865
 -0.009508   0.002566   0.000093
  0.013651   0.002880   0.000165
  0.001969  -0.003657   0.000763
  0.002106   0.009455  -0.000865
  9.251237   0.001805   0.000000
  1.353010   0.005881   0.000000
 22.523745  -7.674532   0.000000
 22.533542   7.652917   0.000000
  0.009226   0.003041   0.000000
  0.003317   0.003161   0.000000
  0.000346   0.007534   0.000000
  0.000596  -0.001816   0.000000
  0.010685   0.008866   0.001221
  0.010669  -0.003600  -0.001409
  0.021448   0.002525  -0.000037
  0.000106   0.002584   0.000091
  0.010685   0.008866  -0.001221
  0.010669  -0.003600   0.001409
  0.021448   0.002525   0.000037
  0.000106   0.002584  -0.000091
    1    2  0.0000  0.0000  1.0000
 -0.000000   0.000000 -14.406229
 -0.000000   0.000015  -0.786321
 -0.000013  -0.000008  -0.786321
  0.000013  -0.000008  -0.786321
 -0.000000   0.000000  -0.000766
 -0.000000   0.000009  -0.000024
 -0.000008  -0.000005  -0.000024
  0.000008  -0.000005  -0.000024
  0.000000  -0.000000   0.006897
 -0.000000   0.000931  -0.004194
 -0.000806  -0.000466  -0.004194
  0.000806  -0.000466  -0.004194
  0.000000   0.000000   0.005495
  0.000000  -0.000731  -0.003325
  0.000633   0.000365  -0.003325
 -0.000633   0.000365  -0.003325
 -0.000000   0.002931   5.167492
 -0.000000   0.000000   1.262286
  0.002538  -0.001465   5.167492
 -0.002538  -0.001465   5.167492
  0.000000  -0.000036  -0.000424
  0.000000  -0.000000  -0.000144
 -0.000032   0.000018  -0.000424
  0.000032   0.000018  -0.000424
  0.001356   0.000783   0.005460
 -0.001356   0.000783   0.005460
  0.000000  -0.000000  -0.010444
  0.000000  -0.001566   0.005460
 -0.001494  -0.000862   0.005091
  0.001494  -0.000862   0.005091
 -0.000000   0.000000  -0.008359
 -0.000000   0.001725   0.005091
   17    1  1.0000  0.0000  0.0000
  9.258879  -0.027378   0.000000
  1.358109  -0.005132   0.000000
 22.526102  -7.663448   0.000000
 22.529970   7.661141   0.000000
  0.009023  -0.001134   0.000000
  0.003263  -0.000276   0.000000
  0.000131   0.005752   0.000000
  0.000522  -0.004528   0.000000
  0.000278   0.001556  -0.000258
  0.020914   0.002024   0.000368
  0.010653  -0.004528  -0.001268
  0.010307   0.006810   0.001748
  0.000278   0.001556   0.000258
  0.020914   0.002024  -0.000368
  0.010653  -0.004528   0.001268
  0.010307   0.006810  -0.001748
-62.868199  -0.003178   0.000000
  9.137315   0.009933   0.000000
 -1.025157  -5.868678   0.000000
 -1.019892   5.877366   0.000000
  0.008651   0.001110   0.000000
  0.009636   0.000398   0.000000
  0.002998  -0.001228   0.000000
  0.003416   0.006367   0.000000
 -0.002603  -0.004101  -0.007104
 -0.002530   0.005445   0.007010
 -0.011329  -0.000650   0.000222
  0.006927  -0.000098  -0.000166
 -0.002603  -0.004101   0.007104
 -0.002530   0.005445  -0.007010
 -0.011329  -0.000650  -0.000222
  0.006927  -0.000098   0.000166
   17    2  0.0000  0.0000  1.0000
  0.000000  -0.000281   5.163823
  0.000000   0.000000   1.255815
 -0.000243   0.000140   5.163823
  0.000243   0.000140   5.163823
 -0.000000   0.000011   0.001533
 -0.000000  -0.000000   0.001585
  0.000010  -0.000006   0.001533
 -0.000010  -0.000006   0.001533
  0.000000  -0.001365   0.008081
 -0.000000   0.000000  -0.007478
 -0.001182   0.000682   0.008081
  0.001182   0.000682   0.008081
 -0.000000   0.001301   0.008454
  0.000000  -0.000000  -0.006417
  0.001126  -0.000650   0.008454
 -0.001126  -0.000650   0.008454
 -0.000000   0.000000 -14.430338
  0.000000  -0.000610  -0.795384
  0.000528   0.000305  -0.795384
 -0.000528   0.000305  -0.795384
 -0.000000   0.000000   0.002818
 -0.000000   0.000010   0.001421
 -0.000008  -0.000005   0.001421
  0.000008  -0.000005   0.001421
 -0.007463   0.004309   0.002337
  0.007463   0.004309   0.002337
  0.000000  -0.008618   0.002337
 -0.000000   0.000000   0.003293
  0.006856  -0.003959   0.001957
 -0.006856  -0.003959   0.001957
 -0.000000   0.007917   0.001957
  0.000000  -0.000000   0.004054
