Automatically generated mesh
      96
Reciprocal lattice
    0.00000000000000    0.00000000000000    0.00000000000000             1
    0.07142857142857    0.00000000000000    0.00000000000000             6
    0.14285714285714    0.00000000000000    0.00000000000000             6
    0.21428571428571    0.00000000000000    0.00000000000000             6
    0.28571428571429    0.00000000000000    0.00000000000000             6
    0.35714285714286    0.00000000000000    0.00000000000000             6
    0.42857142857143    0.00000000000000    0.00000000000000             6
    0.50000000000000    0.00000000000000    0.00000000000000             3
    0.07142857142857    0.07142857142857    0.00000000000000             6
    0.14285714285714    0.07142857142857    0.00000000000000            12
    0.21428571428571    0.07142857142857    0.00000000000000            12
    0.28571428571429    0.07142857142857    0.00000000000000            12
    0.35714285714286    0.07142857142857    0.00000000000000            12
    0.42857142857143    0.07142857142857    0.00000000000000            12
    0.14285714285714    0.14285714285714    0.00000000000000             6
    0.21428571428571    0.14285714285714    0.00000000000000            12
    0.28571428571429    0.14285714285714    0.00000000000000            12
    0.35714285714286    0.14285714285714    0.00000000000000            12
    0.42857142857143    0.14285714285714    0.00000000000000             6
    0.21428571428571    0.21428571428571    0.00000000000000             6
    0.28571428571429    0.21428571428571    0.00000000000000            12
    0.35714285714286    0.21428571428571    0.00000000000000            12
    0.28571428571429    0.28571428571429    0.00000000000000             6
    0.35714285714286    0.28571428571429    0.00000000000000             6
    0.00000000000000    0.00000000000000    0.16666666666667             2
    0.07142857142857    0.00000000000000    0.16666666666667            12
    0.14285714285714    0.00000000000000    0.16666666666667            12
    0.21428571428571    0.00000000000000    0.16666666666667            12
    0.28571428571429    0.00000000000000    0.16666666666667            12
    0.35714285714286    0.00000000000000    0.16666666666667            12
    0.42857142857143    0.00000000000000    0.16666666666667            12
    0.50000000000000    0.00000000000000    0.16666666666667             6
    0.07142857142857    0.07142857142857    0.16666666666667            12
    0.14285714285714    0.07142857142857    0.16666666666667            24
    0.21428571428571    0.07142857142857    0.16666666666667            24
    0.28571428571429    0.07142857142857    0.16666666666667            24
    0.35714285714286    0.07142857142857    0.16666666666667            24
    0.42857142857143    0.07142857142857    0.16666666666667            24
    0.14285714285714    0.14285714285714    0.16666666666667            12
    0.21428571428571    0.14285714285714    0.16666666666667            24
    0.28571428571429    0.14285714285714    0.16666666666667            24
    0.35714285714286    0.14285714285714    0.16666666666667            24
    0.42857142857143    0.14285714285714    0.16666666666667            12
    0.21428571428571    0.21428571428571    0.16666666666667            12
    0.28571428571429    0.21428571428571    0.16666666666667            24
    0.35714285714286    0.21428571428571    0.16666666666667            24
    0.28571428571429    0.28571428571429    0.16666666666667            12
    0.35714285714286    0.28571428571429    0.16666666666667            12
    0.00000000000000    0.00000000000000    0.33333333333333             2
    0.07142857142857    0.00000000000000    0.33333333333333            12
    0.14285714285714    0.00000000000000    0.33333333333333            12
    0.21428571428571    0.00000000000000    0.33333333333333            12
    0.28571428571429    0.00000000000000    0.33333333333333            12
    0.35714285714286    0.00000000000000    0.33333333333333            12
    0.42857142857143    0.00000000000000    0.33333333333333            12
    0.50000000000000    0.00000000000000    0.33333333333333             6
    0.07142857142857    0.07142857142857    0.33333333333333            12
    0.14285714285714    0.07142857142857    0.33333333333333            24
    0.21428571428571    0.07142857142857    0.33333333333333            24
    0.28571428571429    0.07142857142857    0.33333333333333            24
    0.35714285714286    0.07142857142857    0.33333333333333            24
    0.42857142857143    0.07142857142857    0.33333333333333            24
    0.14285714285714    0.14285714285714    0.33333333333333            12
    0.21428571428571    0.14285714285714    0.33333333333333            24
    0.28571428571429    0.14285714285714    0.33333333333333            24
    0.35714285714286    0.14285714285714    0.33333333333333            24
    0.42857142857143    0.14285714285714    0.33333333333333            12
    0.21428571428571    0.21428571428571    0.33333333333333            12
    0.28571428571429    0.21428571428571    0.33333333333333            24
    0.35714285714286    0.21428571428571    0.33333333333333            24
    0.28571428571429    0.28571428571429    0.33333333333333            12
    0.35714285714286    0.28571428571429    0.33333333333333            12
    0.00000000000000    0.00000000000000    0.50000000000000             1
    0.07142857142857    0.00000000000000    0.50000000000000             6
    0.14285714285714    0.00000000000000    0.50000000000000             6
    0.21428571428571    0.00000000000000    0.50000000000000             6
    0.28571428571429    0.00000000000000    0.50000000000000             6
    0.35714285714286    0.00000000000000    0.50000000000000             6
    0.42857142857143    0.00000000000000    0.50000000000000             6
    0.50000000000000    0.00000000000000    0.50000000000000             3
    0.07142857142857    0.07142857142857    0.50000000000000             6
    0.14285714285714    0.07142857142857    0.50000000000000            12
    0.21428571428571    0.07142857142857    0.50000000000000            12
    0.28571428571429    0.07142857142857    0.50000000000000            12
    0.35714285714286    0.07142857142857    0.50000000000000            12
    0.42857142857143    0.07142857142857    0.50000000000000            12
    0.14285714285714    0.14285714285714    0.50000000000000             6
    0.21428571428571    0.14285714285714    0.50000000000000            12
    0.28571428571429    0.14285714285714    0.50000000000000            12
    0.35714285714286    0.14285714285714    0.50000000000000            12
    0.42857142857143    0.14285714285714    0.50000000000000             6
    0.21428571428571    0.21428571428571    0.50000000000000             6
    0.28571428571429    0.21428571428571    0.50000000000000            12
    0.35714285714286    0.21428571428571    0.50000000000000            12
    0.28571428571429    0.28571428571429    0.50000000000000             6
    0.35714285714286    0.28571428571429    0.50000000000000             6
Tetrahedra
      1218    0.00014172335601
         8         2         2         9        26
         8         1         2         2        26
         4         1         2        25        26
         4         2         9        26        33
         8         2        26        26        33
         8         2        25        26        26
         8         3         9        10        33
         8         2         3         9        33
         4         2         3        26        33
         4         3        10        33        34
         8         3        27        33        34
         8         3        26        27        33
         8         4        10        11        34
         8         3         4        10        34
         4         3         4        27        34
         4         4        11        34        35
         8         4        28        34        35
         8         4        27        28        34
         8         5        11        12        35
         8         4         5        11        35
         4         4         5        28        35
         4         5        12        35        36
         8         5        29        35        36
         8         5        28        29        35
         8         6        12        13        36
         8         5         6        12        36
         4         5         6        29        36
         4         6        13        36        37
         8         6        30        36        37
         8         6        29        30        36
         8         7        13        14        37
         8         6         7        13        37
         4         6         7        30        37
         4         7        14        37        38
         8         7        31        37        38
         8         7        30        31        37
         8         8        14        14        38
         8         7         8        14        38
         4         7         8        31        38
         4         8        14        38        38
         4         8        32        38        38
         8         8        31        32        38
         8         7        13        14        38
         4         7         8        32        38
         4         7        13        37        38
         8         7        31        32        38
         8         6        12        13        37
         4         6         7        31        37
         4         6        12        36        37
         8         6        30        31        37
         8         5        11        12        36
         4         5         6        30        36
         4         5        11        35        36
         8         5        29        30        36
         8         4        10        11        35
         4         4         5        29        35
         4         4        10        34        35
         8         4        28        29        35
         8         3         9        10        34
         4         3         4        28        34
         4         3         9        33        34
         8         3        27        28        34
         4         2         2         9        33
         4         2         3        27        33
         4         2         2        26        33
         8         2        26        27        33
         4         1         2        26        26
         4         1        25        26        26
         8         3         9        10        27
         8         2         3         9        27
         4         2         9        26        27
         4         9        10        27        34
         8         9        27        33        34
         8         9        26        27        33
         8        10        10        15        34
         8         9        10        10        34
         4         9        10        33        34
         4        10        15        34        39
         8        10        34        34        39
         8        10        33        34        34
         8        11        15        16        39
         8        10        11        15        39
         4        10        11        34        39
         4        11        16        39        40
         8        11        35        39        40
         8        11        34        35        39
         8        12        16        17        40
         8        11        12        16        40
         4        11        12        35        40
         4        12        17        40        41
         8        12        36        40        41
         8        12        35        36        40
         8        13        17        18        41
         8        12        13        17        41
         4        12        13        36        41
         4        13        18        41        42
         8        13        37        41        42
         8        13        36        37        41
         8        14        18        19        42
         8        13        14        18        42
         4        13        14        37        42
         4        14        19        42        43
         8        14        38        42        43
         8        14        37        38        42
         8        14        18        19        43
         4        14        14        19        43
         4        14        14        38        43
         4        14        18        42        43
         8        14        38        38        43
         8        13        17        18        42
         4        13        14        38        42
         4        13        17        41        42
         8        13        37        38        42
         8        12        16        17        41
         4        12        13        37        41
         4        12        16        40        41
         8        12        36        37        41
         8        11        15        16        40
         4        11        12        36        40
         4        11        15        39        40
         8        11        35        36        40
         4        10        10        15        39
         4        10        11        35        39
         4        10        10        34        39
         8        10        34        35        39
         4         9        10        34        34
         4         3         9        27        34
         4         9        33        34        34
         4         2         9        27        33
         8         4        10        11        28
         8         3         4        10        28
         4         3        10        27        28
         4        10        11        28        35
         8        10        28        34        35
         8        10        27        28        34
         8        11        15        16        35
         8        10        11        15        35
         4        10        15        34        35
         4        15        16        35        40
         8        15        35        39        40
         8        15        34        35        39
         8        16        16        20        40
         8        15        16        16        40
         4        15        16        39        40
         4        16        20        40        44
         8        16        40        40        44
         8        16        39        40        40
         8        17        20        21        44
         8        16        17        20        44
         4        16        17        40        44
         4        17        21        44        45
         8        17        41        44        45
         8        17        40        41        44
         8        18        21        22        45
         8        17        18        21        45
         4        17        18        41        45
         4        18        22        45        46
         8        18        42        45        46
         8        18        41        42        45
         8        19        22        22        46
         8        18        19        22        46
         4        18        19        42        46
         4        19        22        46        46
         4        19        43        46        46
         8        19        42        43        46
         8        18        21        22        46
         4        18        19        43        46
         4        18        21        45        46
         8        18        42        43        46
         8        17        20        21        45
         4        17        18        42        45
         4        17        20        44        45
         8        17        41        42        45
         4        16        16        20        44
         4        16        17        41        44
         4        16        16        40        44
         8        16        40        41        44
         4        15        16        40        40
         4        11        15        35        40
         4        15        39        40        40
         4        10        15        35        39
         4         4        10        28        35
         4         3        10        28        34
         8         5        11        12        29
         8         4         5        11        29
         4         4        11        28        29
         4        11        12        29        36
         8        11        29        35        36
         8        11        28        29        35
         8        12        16        17        36
         8        11        12        16        36
         4        11        16        35        36
         4        16        17        36        41
         8        16        36        40        41
         8        16        35        36        40
         8        17        20        21        41
         8        16        17        20        41
         4        16        20        40        41
         4        20        21        41        45
         8        20        41        44        45
         8        20        40        41        44
         8        21        21        23        45
         8        20        21        21        45
         4        20        21        44        45
         4        21        23        45        47
         8        21        45        45        47
         8        21        44        45        45
         8        22        23        24        47
         8        21        22        23        47
         4        21        22        45        47
         4        22        24        47        48
         8        22        46        47        48
         8        22        45        46        47
         8        22        23        24        48
         4        22        22        24        48
         4        22        22        46        48
         4        22        23        47        48
         8        22        46        46        48
         4        21        21        23        47
         4        21        22        46        47
         4        21        21        45        47
         8        21        45        46        47
         4        20        21        45        45
         4        17        20        41        45
         4        20        44        45        45
         4        16        20        41        44
         4        12        16        36        41
         4        11        16        36        40
         4         5        11        29        36
         4         4        11        29        35
         8         6        12        13        30
         8         5         6        12        30
         4         5        12        29        30
         4        12        13        30        37
         8        12        30        36        37
         8        12        29        30        36
         8        13        17        18        37
         8        12        13        17        37
         4        12        17        36        37
         4        17        18        37        42
         8        17        37        41        42
         8        17        36        37        41
         8        18        21        22        42
         8        17        18        21        42
         4        17        21        41        42
         4        21        22        42        46
         8        21        42        45        46
         8        21        41        42        45
         8        22        23        24        46
         8        21        22        23        46
         4        21        23        45        46
         4        23        24        46        48
         8        23        46        47        48
         8        23        45        46        47
         4        24        24        24        48
         8        23        24        24        48
         4        23        24        47        48
         4        24        24        48        48
         4        24        48        48        48
         8        24        47        48        48
         4        23        24        48        48
         4        22        23        46        48
         4        23        47        48        48
         4        21        23        46        47
         4        18        21        42        46
         4        17        21        42        45
         4        13        17        37        42
         4        12        17        37        41
         4         6        12        30        37
         4         5        12        30        36
         8         7        13        14        31
         8         6         7        13        31
         4         6        13        30        31
         4        13        14        31        38
         8        13        31        37        38
         8        13        30        31        37
         8        14        18        19        38
         8        13        14        18        38
         4        13        18        37        38
         4        18        19        38        43
         8        18        38        42        43
         8        18        37        38        42
         4        19        22        22        43
         8        18        19        22        43
         4        18        22        42        43
         4        22        22        43        46
         8        22        43        46        46
         8        22        42        43        46
         8        22        22        24        46
         4        22        24        46        46
         4        23        24        46        47
         8        24        46        47        48
         4        24        46        46        48
         4        23        24        24        47
         4        24        24        47        48
         4        22        24        46        47
         4        22        24        46        48
         4        19        22        43        46
         4        18        22        43        46
         4        14        18        38        43
         4        13        18        38        42
         4         7        13        31        38
         4         6        13        31        37
         4         8        14        14        32
         8         7         8        14        32
         4         7        14        31        32
         4        14        14        32        38
         8        14        32        38        38
         8        14        31        32        38
         8        14        14        19        38
         4        14        19        38        38
         4        18        19        38        42
         8        19        38        42        43
         4        19        38        38        43
         8        18        19        22        42
         4        19        22        42        43
         4        21        22        42        45
         8        22        42        45        46
         8        21        22        23        45
         4        22        23        45        46
         4        21        23        45        45
         4        23        45        45        47
         4        22        23        45        47
         4        18        22        42        45
         4        19        22        42        46
         4        14        19        38        42
         4        14        19        38        43
         4         8        14        32        38
         4         7        14        32        38
         8         7         8        14        31
         4         8        14        31        32
         4        13        14        31        37
         8        14        31        37        38
         8        13        14        18        37
         4        14        18        37        38
         4        17        18        37        41
         8        18        37        41        42
         8        17        18        21        41
         4        18        21        41        42
         4        20        21        41        44
         8        21        41        44        45
         4        20        21        21        44
         4        21        21        44        45
         4        17        21        41        44
         4        18        21        41        45
         4        13        18        37        41
         4        14        18        37        42
         4         7        14        31        37
         4         8        14        31        38
         8         6         7        13        30
         4         7        13        30        31
         4        12        13        30        36
         8        13        30        36        37
         8        12        13        17        36
         4        13        17        36        37
         4        16        17        36        40
         8        17        36        40        41
         8        16        17        20        40
         4        17        20        40        41
         4        16        20        40        40
         4        20        40        40        44
         4        17        20        40        44
         4        12        17        36        40
         4        13        17        36        41
         4         6        13        30        36
         4         7        13        30        37
         8         5         6        12        29
         4         6        12        29        30
         4        11        12        29        35
         8        12        29        35        36
         8        11        12        16        35
         4        12        16        35        36
         4        15        16        35        39
         8        16        35        39        40
         4        15        16        16        39
         4        16        16        39        40
         4        11        16        35        39
         4        12        16        35        40
         4         5        12        29        35
         4         6        12        29        36
         8         4         5        11        28
         4         5        11        28        29
         4        10        11        28        34
         8        11        28        34        35
         8        10        11        15        34
         4        11        15        34        35
         4        10        15        34        34
         4        15        34        34        39
         4        11        15        34        39
         4         4        11        28        34
         4         5        11        28        35
         8         3         4        10        27
         4         4        10        27        28
         4         9        10        27        33
         8        10        27        33        34
         4         9        10        10        33
         4        10        10        33        34
         4         3        10        27        33
         4         4        10        27        34
         8         2         3         9        26
         4         3         9        26        27
         4         2         9        26        26
         4         9        26        26        33
         4         3         9        26        33
         4         1         2         2        25
         4         2         2        25        26
         8        26        26        33        50
         8        25        26        26        50
         4        25        26        49        50
         4        26        33        50        57
         8        26        50        50        57
         8        26        49        50        50
         8        27        33        34        57
         8        26        27        33        57
         4        26        27        50        57
         4        27        34        57        58
         8        27        51        57        58
         8        27        50        51        57
         8        28        34        35        58
         8        27        28        34        58
         4        27        28        51        58
         4        28        35        58        59
         8        28        52        58        59
         8        28        51        52        58
         8        29        35        36        59
         8        28        29        35        59
         4        28        29        52        59
         4        29        36        59        60
         8        29        53        59        60
         8        29        52        53        59
         8        30        36        37        60
         8        29        30        36        60
         4        29        30        53        60
         4        30        37        60        61
         8        30        54        60        61
         8        30        53        54        60
         8        31        37        38        61
         8        30        31        37        61
         4        30        31        54        61
         4        31        38        61        62
         8        31        55        61        62
         8        31        54        55        61
         8        32        38        38        62
         8        31        32        38        62
         4        31        32        55        62
         4        32        38        62        62
         4        32        56        62        62
         8        32        55        56        62
         8        31        37        38        62
         4        31        32        56        62
         4        31        37        61        62
         8        31        55        56        62
         8        30        36        37        61
         4        30        31        55        61
         4        30        36        60        61
         8        30        54        55        61
         8        29        35        36        60
         4        29        30        54        60
         4        29        35        59        60
         8        29        53        54        60
         8        28        34        35        59
         4        28        29        53        59
         4        28        34        58        59
         8        28        52        53        59
         8        27        33        34        58
         4        27        28        52        58
         4        27        33        57        58
         8        27        51        52        58
         4        26        26        33        57
         4        26        27        51        57
         4        26        26        50        57
         8        26        50        51        57
         4        25        26        50        50
         4        25        49        50        50
         8        27        33        34        51
         8        26        27        33        51
         4        26        33        50        51
         4        33        34        51        58
         8        33        51        57        58
         8        33        50        51        57
         8        34        34        39        58
         8        33        34        34        58
         4        33        34        57        58
         4        34        39        58        63
         8        34        58        58        63
         8        34        57        58        58
         8        35        39        40        63
         8        34        35        39        63
         4        34        35        58        63
         4        35        40        63        64
         8        35        59        63        64
         8        35        58        59        63
         8        36        40        41        64
         8        35        36        40        64
         4        35        36        59        64
         4        36        41        64        65
         8        36        60        64        65
         8        36        59        60        64
         8        37        41        42        65
         8        36        37        41        65
         4        36        37        60        65
         4        37        42        65        66
         8        37        61        65        66
         8        37        60        61        65
         8        38        42        43        66
         8        37        38        42        66
         4        37        38        61        66
         4        38        43        66        67
         8        38        62        66        67
         8        38        61        62        66
         8        38        42        43        67
         4        38        38        43        67
         4        38        38        62        67
         4        38        42        66        67
         8        38        62        62        67
         8        37        41        42        66
         4        37        38        62        66
         4        37        41        65        66
         8        37        61        62        66
         8        36        40        41        65
         4        36        37        61        65
         4        36        40        64        65
         8        36        60        61        65
         8        35        39        40        64
         4        35        36        60        64
         4        35        39        63        64
         8        35        59        60        64
         4        34        34        39        63
         4        34        35        59        63
         4        34        34        58        63
         8        34        58        59        63
         4        33        34        58        58
         4        27        33        51        58
         4        33        57        58        58
         4        26        33        51        57
         8        28        34        35        52
         8        27        28        34        52
         4        27        34        51        52
         4        34        35        52        59
         8        34        52        58        59
         8        34        51        52        58
         8        35        39        40        59
         8        34        35        39        59
         4        34        39        58        59
         4        39        40        59        64
         8        39        59        63        64
         8        39        58        59        63
         8        40        40        44        64
         8        39        40        40        64
         4        39        40        63        64
         4        40        44        64        68
         8        40        64        64        68
         8        40        63        64        64
         8        41        44        45        68
         8        40        41        44        68
         4        40        41        64        68
         4        41        45        68        69
         8        41        65        68        69
         8        41        64        65        68
         8        42        45        46        69
         8        41        42        45        69
         4        41        42        65        69
         4        42        46        69        70
         8        42        66        69        70
         8        42        65        66        69
         8        43        46        46        70
         8        42        43        46        70
         4        42        43        66        70
         4        43        46        70        70
         4        43        67        70        70
         8        43        66        67        70
         8        42        45        46        70
         4        42        43        67        70
         4        42        45        69        70
         8        42        66        67        70
         8        41        44        45        69
         4        41        42        66        69
         4        41        44        68        69
         8        41        65        66        69
         4        40        40        44        68
         4        40        41        65        68
         4        40        40        64        68
         8        40        64        65        68
         4        39        40        64        64
         4        35        39        59        64
         4        39        63        64        64
         4        34        39        59        63
         4        28        34        52        59
         4        27        34        52        58
         8        29        35        36        53
         8        28        29        35        53
         4        28        35        52        53
         4        35        36        53        60
         8        35        53        59        60
         8        35        52        53        59
         8        36        40        41        60
         8        35        36        40        60
         4        35        40        59        60
         4        40        41        60        65
         8        40        60        64        65
         8        40        59        60        64
         8        41        44        45        65
         8        40        41        44        65
         4        40        44        64        65
         4        44        45        65        69
         8        44        65        68        69
         8        44        64        65        68
         8        45        45        47        69
         8        44        45        45        69
         4        44        45        68        69
         4        45        47        69        71
         8        45        69        69        71
         8        45        68        69        69
         8        46        47        48        71
         8        45        46        47        71
         4        45        46        69        71
         4        46        48        71        72
         8        46        70        71        72
         8        46        69        70        71
         8        46        47        48        72
         4        46        46        48        72
         4        46        46        70        72
         4        46        47        71        72
         8        46        70        70        72
         4        45        45        47        71
         4        45        46        70        71
         4        45        45        69        71
         8        45        69        70        71
         4        44        45        69        69
         4        41        44        65        69
         4        44        68        69        69
         4        40        44        65        68
         4        36        40        60        65
         4        35        40        60        64
         4        29        35        53        60
         4        28        35        53        59
         8        30        36        37        54
         8        29        30        36        54
         4        29        36        53        54
         4        36        37        54        61
         8        36        54        60        61
         8        36        53        54        60
         8        37        41        42        61
         8        36        37        41        61
         4        36        41        60        61
         4        41        42        61        66
         8        41        61        65        66
         8        41        60        61        65
         8        42        45        46        66
         8        41        42        45        66
         4        41        45        65        66
         4        45        46        66        70
         8        45        66        69        70
         8        45        65        66        69
         8        46        47        48        70
         8        45        46        47        70
         4        45        47        69        70
         4        47        48        70        72
         8        47        70        71        72
         8        47        69        70        71
         4        48        48        48        72
         8        47        48        48        72
         4        47        48        71        72
         4        48        48        72        72
         4        48        72        72        72
         8        48        71        72        72
         4        47        48        72        72
         4        46        47        70        72
         4        47        71        72        72
         4        45        47        70        71
         4        42        45        66        70
         4        41        45        66        69
         4        37        41        61        66
         4        36        41        61        65
         4        30        36        54        61
         4        29        36        54        60
         8        31        37        38        55
         8        30        31        37        55
         4        30        37        54        55
         4        37        38        55        62
         8        37        55        61        62
         8        37        54        55        61
         8        38        42        43        62
         8        37        38        42        62
         4        37        42        61        62
         4        42        43        62        67
         8        42        62        66        67
         8        42        61        62        66
         4        43        46        46        67
         8        42        43        46        67
         4        42        46        66        67
         4        46        46        67        70
         8        46        67        70        70
         8        46        66        67        70
         8        46        46        48        70
         4        46        48        70        70
         4        47        48        70        71
         8        48        70        71        72
         4        48        70        70        72
         4        47        48        48        71
         4        48        48        71        72
         4        46        48        70        71
         4        46        48        70        72
         4        43        46        67        70
         4        42        46        67        70
         4        38        42        62        67
         4        37        42        62        66
         4        31        37        55        62
         4        30        37        55        61
         4        32        38        38        56
         8        31        32        38        56
         4        31        38        55        56
         4        38        38        56        62
         8        38        56        62        62
         8        38        55        56        62
         8        38        38        43        62
         4        38        43        62        62
         4        42        43        62        66
         8        43        62        66        67
         4        43        62        62        67
         8        42        43        46        66
         4        43        46        66        67
         4        45        46        66        69
         8        46        66        69        70
         8        45        46        47        69
         4        46        47        69        70
         4        45        47        69        69
         4        47        69        69        71
         4        46        47        69        71
         4        42        46        66        69
         4        43        46        66        70
         4        38        43        62        66
         4        38        43        62        67
         4        32        38        56        62
         4        31        38        56        62
         8        31        32        38        55
         4        32        38        55        56
         4        37        38        55        61
         8        38        55        61        62
         8        37        38        42        61
         4        38        42        61        62
         4        41        42        61        65
         8        42        61        65        66
         8        41        42        45        65
         4        42        45        65        66
         4        44        45        65        68
         8        45        65        68        69
         4        44        45        45        68
         4        45        45        68        69
         4        41        45        65        68
         4        42        45        65        69
         4        37        42        61        65
         4        38        42        61        66
         4        31        38        55        61
         4        32        38        55        62
         8        30        31        37        54
         4        31        37        54        55
         4        36        37        54        60
         8        37        54        60        61
         8        36        37        41        60
         4        37        41        60        61
         4        40        41        60        64
         8        41        60        64        65
         8        40        41        44        64
         4        41        44        64        65
         4        40        44        64        64
         4        44        64        64        68
         4        41        44        64        68
         4        36        41        60        64
         4        37        41        60        65
         4        30        37        54        60
         4        31        37        54        61
         8        29        30        36        53
         4        30        36        53        54
         4        35        36        53        59
         8        36        53        59        60
         8        35        36        40        59
         4        36        40        59        60
         4        39        40        59        63
         8        40        59        63        64
         4        39        40        40        63
         4        40        40        63        64
         4        35        40        59        63
         4        36        40        59        64
         4        29        36        53        59
         4        30        36        53        60
         8        28        29        35        52
         4        29        35        52        53
         4        34        35        52        58
         8        35        52        58        59
         8        34        35        39        58
         4        35        39        58        59
         4        34        39        58        58
         4        39        58        58        63
         4        35        39        58        63
         4        28        35        52        58
         4        29        35        52        59
         8        27        28        34        51
         4        28        34        51        52
         4        33        34        51        57
         8        34        51        57        58
         4        33        34        34        57
         4        34        34        57        58
         4        27        34        51        57
         4        28        34        51        58
         8        26        27        33        50
         4        27        33        50        51
         4        26        33        50        50
         4        33        50        50        57
         4        27        33        50        57
         4        25        26        26        49
         4        26        26        49        50
         8        50        50        57        74
         8        49        50        50        74
         4        49        50        73        74
         4        50        57        74        81
         8        50        74        74        81
         8        50        73        74        74
         8        51        57        58        81
         8        50        51        57        81
         4        50        51        74        81
         4        51        58        81        82
         8        51        75        81        82
         8        51        74        75        81
         8        52        58        59        82
         8        51        52        58        82
         4        51        52        75        82
         4        52        59        82        83
         8        52        76        82        83
         8        52        75        76        82
         8        53        59        60        83
         8        52        53        59        83
         4        52        53        76        83
         4        53        60        83        84
         8        53        77        83        84
         8        53        76        77        83
         8        54        60        61        84
         8        53        54        60        84
         4        53        54        77        84
         4        54        61        84        85
         8        54        78        84        85
         8        54        77        78        84
         8        55        61        62        85
         8        54        55        61        85
         4        54        55        78        85
         4        55        62        85        86
         8        55        79        85        86
         8        55        78        79        85
         8        56        62        62        86
         8        55        56        62        86
         4        55        56        79        86
         4        56        62        86        86
         4        56        80        86        86
         8        56        79        80        86
         8        55        61        62        86
         4        55        56        80        86
         4        55        61        85        86
         8        55        79        80        86
         8        54        60        61        85
         4        54        55        79        85
         4        54        60        84        85
         8        54        78        79        85
         8        53        59        60        84
         4        53        54        78        84
         4        53        59        83        84
         8        53        77        78        84
         8        52        58        59        83
         4        52        53        77        83
         4        52        58        82        83
         8        52        76        77        83
         8        51        57        58        82
         4        51        52        76        82
         4        51        57        81        82
         8        51        75        76        82
         4        50        50        57        81
         4        50        51        75        81
         4        50        50        74        81
         8        50        74        75        81
         4        49        50        74        74
         4        49        73        74        74
         8        51        57        58        75
         8        50        51        57        75
         4        50        57        74        75
         4        57        58        75        82
         8        57        75        81        82
         8        57        74        75        81
         8        58        58        63        82
         8        57        58        58        82
         4        57        58        81        82
         4        58        63        82        87
         8        58        82        82        87
         8        58        81        82        82
         8        59        63        64        87
         8        58        59        63        87
         4        58        59        82        87
         4        59        64        87        88
         8        59        83        87        88
         8        59        82        83        87
         8        60        64        65        88
         8        59        60        64        88
         4        59        60        83        88
         4        60        65        88        89
         8        60        84        88        89
         8        60        83        84        88
         8        61        65        66        89
         8        60        61        65        89
         4        60        61        84        89
         4        61        66        89        90
         8        61        85        89        90
         8        61        84        85        89
         8        62        66        67        90
         8        61        62        66        90
         4        61        62        85        90
         4        62        67        90        91
         8        62        86        90        91
         8        62        85        86        90
         8        62        66        67        91
         4        62        62        67        91
         4        62        62        86        91
         4        62        66        90        91
         8        62        86        86        91
         8        61        65        66        90
         4        61        62        86        90
         4        61        65        89        90
         8        61        85        86        90
         8        60        64        65        89
         4        60        61        85        89
         4        60        64        88        89
         8        60        84        85        89
         8        59        63        64        88
         4        59        60        84        88
         4        59        63        87        88
         8        59        83        84        88
         4        58        58        63        87
         4        58        59        83        87
         4        58        58        82        87
         8        58        82        83        87
         4        57        58        82        82
         4        51        57        75        82
         4        57        81        82        82
         4        50        57        75        81
         8        52        58        59        76
         8        51        52        58        76
         4        51        58        75        76
         4        58        59        76        83
         8        58        76        82        83
         8        58        75        76        82
         8        59        63        64        83
         8        58        59        63        83
         4        58        63        82        83
         4        63        64        83        88
         8        63        83        87        88
         8        63        82        83        87
         8        64        64        68        88
         8        63        64        64        88
         4        63        64        87        88
         4        64        68        88        92
         8        64        88        88        92
         8        64        87        88        88
         8        65        68        69        92
         8        64        65        68        92
         4        64        65        88        92
         4        65        69        92        93
         8        65        89        92        93
         8        65        88        89        92
         8        66        69        70        93
         8        65        66        69        93
         4        65        66        89        93
         4        66        70        93        94
         8        66        90        93        94
         8        66        89        90        93
         8        67        70        70        94
         8        66        67        70        94
         4        66        67        90        94
         4        67        70        94        94
         4        67        91        94        94
         8        67        90        91        94
         8        66        69        70        94
         4        66        67        91        94
         4        66        69        93        94
         8        66        90        91        94
         8        65        68        69        93
         4        65        66        90        93
         4        65        68        92        93
         8        65        89        90        93
         4        64        64        68        92
         4        64        65        89        92
         4        64        64        88        92
         8        64        88        89        92
         4        63        64        88        88
         4        59        63        83        88
         4        63        87        88        88
         4        58        63        83        87
         4        52        58        76        83
         4        51        58        76        82
         8        53        59        60        77
         8        52        53        59        77
         4        52        59        76        77
         4        59        60        77        84
         8        59        77        83        84
         8        59        76        77        83
         8        60        64        65        84
         8        59        60        64        84
         4        59        64        83        84
         4        64        65        84        89
         8        64        84        88        89
         8        64        83        84        88
         8        65        68        69        89
         8        64        65        68        89
         4        64        68        88        89
         4        68        69        89        93
         8        68        89        92        93
         8        68        88        89        92
         8        69        69        71        93
         8        68        69        69        93
         4        68        69        92        93
         4        69        71        93        95
         8        69        93        93        95
         8        69        92        93        93
         8        70        71        72        95
         8        69        70        71        95
         4        69        70        93        95
         4        70        72        95        96
         8        70        94        95        96
         8        70        93        94        95
         8        70        71        72        96
         4        70        70        72        96
         4        70        70        94        96
         4        70        71        95        96
         8        70        94        94        96
         4        69        69        71        95
         4        69        70        94        95
         4        69        69        93        95
         8        69        93        94        95
         4        68        69        93        93
         4        65        68        89        93
         4        68        92        93        93
         4        64        68        89        92
         4        60        64        84        89
         4        59        64        84        88
         4        53        59        77        84
         4        52        59        77        83
         8        54        60        61        78
         8        53        54        60        78
         4        53        60        77        78
         4        60        61        78        85
         8        60        78        84        85
         8        60        77        78        84
         8        61        65        66        85
         8        60        61        65        85
         4        60        65        84        85
         4        65        66        85        90
         8        65        85        89        90
         8        65        84        85        89
         8        66        69        70        90
         8        65        66        69        90
         4        65        69        89        90
         4        69        70        90        94
         8        69        90        93        94
         8        69        89        90        93
         8        70        71        72        94
         8        69        70        71        94
         4        69        71        93        94
         4        71        72        94        96
         8        71        94        95        96
         8        71        93        94        95
         4        72        72        72        96
         8        71        72        72        96
         4        71        72        95        96
         4        72        72        96        96
         4        72        96        96        96
         8        72        95        96        96
         4        71        72        96        96
         4        70        71        94        96
         4        71        95        96        96
         4        69        71        94        95
         4        66        69        90        94
         4        65        69        90        93
         4        61        65        85        90
         4        60        65        85        89
         4        54        60        78        85
         4        53        60        78        84
         8        55        61        62        79
         8        54        55        61        79
         4        54        61        78        79
         4        61        62        79        86
         8        61        79        85        86
         8        61        78        79        85
         8        62        66        67        86
         8        61        62        66        86
         4        61        66        85        86
         4        66        67        86        91
         8        66        86        90        91
         8        66        85        86        90
         4        67        70        70        91
         8        66        67        70        91
         4        66        70        90        91
         4        70        70        91        94
         8        70        91        94        94
         8        70        90        91        94
         8        70        70        72        94
         4        70        72        94        94
         4        71        72        94        95
         8        72        94        95        96
         4        72        94        94        96
         4        71        72        72        95
         4        72        72        95        96
         4        70        72        94        95
         4        70        72        94        96
         4        67        70        91        94
         4        66        70        91        94
         4        62        66        86        91
         4        61        66        86        90
         4        55        61        79        86
         4        54        61        79        85
         4        56        62        62        80
         8        55        56        62        80
         4        55        62        79        80
         4        62        62        80        86
         8        62        80        86        86
         8        62        79        80        86
         8        62        62        67        86
         4        62        67        86        86
         4        66        67        86        90
         8        67        86        90        91
         4        67        86        86        91
         8        66        67        70        90
         4        67        70        90        91
         4        69        70        90        93
         8        70        90        93        94
         8        69        70        71        93
         4        70        71        93        94
         4        69        71        93        93
         4        71        93        93        95
         4        70        71        93        95
         4        66        70        90        93
         4        67        70        90        94
         4        62        67        86        90
         4        62        67        86        91
         4        56        62        80        86
         4        55        62        80        86
         8        55        56        62        79
         4        56        62        79        80
         4        61        62        79        85
         8        62        79        85        86
         8        61        62        66        85
         4        62        66        85        86
         4        65        66        85        89
         8        66        85        89        90
         8        65        66        69        89
         4        66        69        89        90
         4        68        69        89        92
         8        69        89        92        93
         4        68        69        69        92
         4        69        69        92        93
         4        65        69        89        92
         4        66        69        89        93
         4        61        66        85        89
         4        62        66        85        90
         4        55        62        79        85
         4        56        62        79        86
         8        54        55        61        78
         4        55        61        78        79
         4        60        61        78        84
         8        61        78        84        85
         8        60        61        65        84
         4        61        65        84        85
         4        64        65        84        88
         8        65        84        88        89
         8        64        65        68        88
         4        65        68        88        89
         4        64        68        88        88
         4        68        88        88        92
         4        65        68        88        92
         4        60        65        84        88
         4        61        65        84        89
         4        54        61        78        84
         4        55        61        78        85
         8        53        54        60        77
         4        54        60        77        78
         4        59        60        77        83
         8        60        77        83        84
         8        59        60        64        83
         4        60        64        83        84
         4        63        64        83        87
         8        64        83        87        88
         4        63        64        64        87
         4        64        64        87        88
         4        59        64        83        87
         4        60        64        83        88
         4        53        60        77        83
         4        54        60        77        84
         8        52        53        59        76
         4        53        59        76        77
         4        58        59        76        82
         8        59        76        82        83
         8        58        59        63        82
         4        59        63        82        83
         4        58        63        82        82
         4        63        82        82        87
         4        59        63        82        87
         4        52        59        76        82
         4        53        59        76        83
         8        51        52        58        75
         4        52        58        75        76
         4        57        58        75        81
         8        58        75        81        82
         4        57        58        58        81
         4        58        58        81        82
         4        51        58        75        81
         4        52        58        75        82
         8        50        51        57        74
         4        51        57        74        75
         4        50        57        74        74
         4        57        74        74        81
         4        51        57        74        81
         4        49        50        50        73
         4        50        50        73        74
