    1   64    1
 12.011
    1    1  1.0000  0.0000  0.0000
-48.976415   0.000000   0.000000
  0.173184   0.000000   0.000000
  0.099203   0.000000   0.000000
  0.134191   0.000000   0.000000
  0.099203   0.000000  -0.000000
  0.134191   0.000000  -0.000000
 -0.586285   0.000000   0.000000
  0.053347   0.000000   0.000000
 10.149119  -3.044461   3.044461
 -0.063843  -0.098524   0.098524
 -0.164609  -0.098662  -0.036956
  0.097818  -0.124878   0.233067
 -0.164609   0.036956   0.098662
  0.097818  -0.233067   0.124878
  0.358685  -0.232183   0.232183
 -0.033269  -0.032157   0.032157
 10.148905   3.044382   3.044382
 -0.063908   0.098572   0.098572
 -0.164626   0.098678  -0.037025
  0.097806   0.124878   0.233093
 -0.164626  -0.037025   0.098678
  0.097806   0.233093   0.124878
  0.358647   0.232113   0.232113
 -0.033263   0.032191   0.032191
 10.149119   3.044461  -3.044461
 -0.063843   0.098524  -0.098524
 -0.164609   0.098662   0.036956
  0.097818   0.124878  -0.233067
 -0.164609  -0.036956  -0.098662
  0.097818   0.233067  -0.124878
  0.358685   0.232183  -0.232183
 -0.033269   0.032157  -0.032157
 10.148905  -3.044382  -3.044382
 -0.063908  -0.098572  -0.098572
 -0.164626  -0.098678   0.037025
  0.097806  -0.124878  -0.233093
 -0.164626   0.037025  -0.098678
  0.097806  -0.233093  -0.124878
  0.358647  -0.232113  -0.232113
 -0.033263  -0.032191  -0.032191
 -1.465360  -0.784431  -0.784431
 -0.069969  -0.041413  -0.041413
 -1.465368  -0.784476   0.784476
 -0.069990  -0.041403   0.041403
 -1.465368   0.784476  -0.784476
 -0.069990   0.041403  -0.041403
 -1.465360   0.784431   0.784431
 -0.069969   0.041413   0.041413
  1.651281   1.726278   0.784570
  1.651304  -1.726301   0.784603
  1.651281  -1.726278  -0.784570
  1.651304   1.726301  -0.784603
  0.086594  -0.071737   0.041578
  0.086584   0.071730   0.041583
  0.086594   0.071737  -0.041578
  0.086584  -0.071730  -0.041583
  1.651281   0.784570   1.726278
  1.651304   0.784603  -1.726301
  0.086594   0.041578  -0.071737
  0.086584   0.041583   0.071730
  1.651281  -0.784570  -1.726278
  1.651304  -0.784603   1.726301
  0.086594  -0.041578   0.071737
  0.086584  -0.041583  -0.071730
