    1   32    2
 12.011
    1    1  1.0000  0.0000  0.0000
-44.529356  -0.000148   0.000678
  6.342091  -0.000874  -0.000008
 -0.070158  -3.702574  -1.146764
 -0.069538   3.702215   1.147175
  0.108851   0.000294   0.000203
 -0.127435  -0.000374  -0.000025
  0.022722   0.086638  -0.070942
  0.023054  -0.086803   0.071141
 -0.113106   0.108464  -2.327176
 -0.112692  -0.108331   2.327392
  0.074774  -0.000463  -0.000038
 -0.009328   0.000652   0.000236
 -0.112960   0.108363   0.999513
 -0.112691  -0.108114  -0.999507
  0.073998  -0.000351  -0.000134
 -0.009839   0.000575   0.000261
  0.332353  -0.244802   0.015722
  0.332600   0.244989  -0.015795
 -0.091965  -0.000388   0.000020
  0.011564   0.000586  -0.000164
 12.544169  -3.021208   2.089369
 12.545504   3.021964  -2.090051
  7.310748  -0.000812   0.000001
 -0.636679   0.001228  -0.000577
  6.822301   0.000213  -0.000090
 -0.281286  -0.000384   0.000043
 -0.162741   0.068166   0.035812
 -0.162244  -0.068317  -0.036008
 -0.239149   0.000237  -0.000136
  0.144935  -0.000390  -0.000010
  0.075599  -0.040128  -0.160195
  0.075905   0.039876   0.160055
    1    2  0.0000  0.0000  1.0000
  0.000000  -0.000000 -42.855497
 -0.000000   1.324136  -1.264107
 -1.146736  -0.662068  -1.264107
  1.146736  -0.662068  -1.264107
  0.000000   0.000000  -0.015004
 -0.000000   0.082057   0.067520
 -0.071063  -0.041028   0.067520
  0.071063  -0.041028   0.067520
 -0.998271   0.576352   1.800150
  0.998271   0.576352   1.800150
 -0.000000  -1.152704   1.800150
 -0.000000   0.000000   0.147073
  2.326798  -1.343377   1.798381
 -2.326798  -1.343377   1.798381
  0.000000   2.686754   1.798381
 -0.000000   0.000000   0.146941
  0.015050  -0.008689  -0.170260
 -0.015050  -0.008689  -0.170260
 -0.000000   0.017378  -0.170260
  0.000000   0.000000   0.108241
  2.087080  -1.204976   7.699626
 -2.087080  -1.204976   7.699626
  0.000000   2.409952   7.699626
 -0.000000   0.000000  -0.011715
 -0.000000  -0.000000  11.331879
 -0.000000   0.040792  -0.078772
 -0.035327  -0.020396  -0.078772
  0.035327  -0.020396  -0.078772
  0.000000   0.000000   0.064743
  0.000000  -0.186324   0.508575
  0.161361   0.093162   0.508575
 -0.161361   0.093162   0.508575
