    1   64    1
 12.011
    1    1  1.0000  0.0000  0.0000
-48.976428   0.000000  -0.000000
  0.173181  -0.000000  -0.000000
  0.099205   0.000000   0.000000
  0.134188   0.000000  -0.000000
  0.099205   0.000000   0.000000
  0.134188   0.000000  -0.000000
 -0.586284   0.000000   0.000000
  0.053347   0.000000  -0.000000
 10.149120  -3.044469   3.044469
 -0.063845  -0.098523   0.098523
 -0.164608  -0.098661  -0.036958
  0.097818  -0.124879   0.233068
 -0.164608   0.036958   0.098661
  0.097818  -0.233068   0.124879
  0.358684  -0.232184   0.232184
 -0.033269  -0.032157   0.032157
 10.148907   3.044394   3.044394
 -0.063909   0.098572   0.098572
 -0.164623   0.098677  -0.037026
  0.097806   0.124878   0.233093
 -0.164623  -0.037026   0.098677
  0.097806   0.233093   0.124878
  0.358646   0.232113   0.232113
 -0.033264   0.032191   0.032191
 10.149120   3.044469  -3.044469
 -0.063845   0.098523  -0.098523
 -0.164608   0.098661   0.036958
  0.097818   0.124879  -0.233068
 -0.164608  -0.036958  -0.098661
  0.097818   0.233068  -0.124879
  0.358684   0.232184  -0.232184
 -0.033269   0.032157  -0.032157
 10.148907  -3.044394  -3.044394
 -0.063909  -0.098572  -0.098572
 -0.164623  -0.098677   0.037026
  0.097806  -0.124878  -0.233093
 -0.164623   0.037026  -0.098677
  0.097806  -0.233093  -0.124878
  0.358646  -0.232113  -0.232113
 -0.033264  -0.032191  -0.032191
 -1.465358  -0.784432  -0.784432
 -0.069970  -0.041412  -0.041412
 -1.465367  -0.784477   0.784477
 -0.069990  -0.041403   0.041403
 -1.465367   0.784477  -0.784477
 -0.069990   0.041403  -0.041403
 -1.465358   0.784432   0.784432
 -0.069970   0.041412   0.041412
  1.651281   1.726280   0.784572
  1.651305  -1.726302   0.784604
  1.651281  -1.726280  -0.784572
  1.651305   1.726302  -0.784604
  0.086594  -0.071738   0.041578
  0.086585   0.071731   0.041583
  0.086594   0.071738  -0.041578
  0.086585  -0.071731  -0.041583
  1.651281   0.784572   1.726280
  1.651305   0.784604  -1.726302
  0.086594   0.041578  -0.071738
  0.086585   0.041583   0.071731
  1.651281  -0.784572  -1.726280
  1.651305  -0.784604   1.726302
  0.086594  -0.041578   0.071738
  0.086585  -0.041583  -0.071731
