    1   32    2
 12.011
    1    1  1.0000  0.0000  0.0000
-44.529360  -0.000149   0.000677
  6.342104  -0.000875  -0.000009
 -0.070140  -3.702572  -1.146774
 -0.069522   3.702213   1.147185
  0.108861   0.000295   0.000202
 -0.127442  -0.000374  -0.000026
  0.022724   0.086643  -0.070947
  0.023054  -0.086807   0.071146
 -0.113104   0.108470  -2.327170
 -0.112693  -0.108336   2.327387
  0.074782  -0.000463  -0.000038
 -0.009338   0.000651   0.000236
 -0.112951   0.108367   0.999513
 -0.112685  -0.108118  -0.999507
  0.074011  -0.000350  -0.000134
 -0.009854   0.000574   0.000262
  0.332357  -0.244804   0.015710
  0.332601   0.244992  -0.015783
 -0.091969  -0.000387   0.000021
  0.011569   0.000585  -0.000165
 12.544199  -3.021245   2.089381
 12.545532   3.022001  -2.090063
  7.310713  -0.000812   0.000001
 -0.636713   0.001228  -0.000577
  6.822268   0.000213  -0.000090
 -0.281315  -0.000385   0.000043
 -0.162739   0.068183   0.035826
 -0.162245  -0.068332  -0.036023
 -0.239130   0.000237  -0.000135
  0.144928  -0.000390  -0.000010
  0.075597  -0.040125  -0.160184
  0.075903   0.039873   0.160044
    1    2  0.0000  0.0000  1.0000
  0.000000  -0.000000 -42.855558
  0.000000   1.324143  -1.264097
 -1.146742  -0.662072  -1.264097
  1.146742  -0.662072  -1.264097
 -0.000000   0.000000  -0.014992
  0.000000   0.082060   0.067517
 -0.071066  -0.041030   0.067517
  0.071066  -0.041030   0.067517
 -0.998271   0.576352   1.800151
  0.998271   0.576352   1.800151
  0.000000  -1.152703   1.800151
  0.000000  -0.000000   0.147078
  2.326794  -1.343375   1.798382
 -2.326794  -1.343375   1.798382
  0.000000   2.686750   1.798382
  0.000000   0.000000   0.146942
  0.015045  -0.008686  -0.170253
 -0.015045  -0.008686  -0.170253
  0.000000   0.017373  -0.170253
 -0.000000   0.000000   0.108240
  2.087094  -1.204984   7.699615
 -2.087094  -1.204984   7.699615
 -0.000000   2.409968   7.699615
  0.000000  -0.000000  -0.011706
  0.000000  -0.000000  11.331916
  0.000000   0.040800  -0.078780
 -0.035334  -0.020400  -0.078780
  0.035334  -0.020400  -0.078780
 -0.000000   0.000000   0.064735
  0.000000  -0.186314   0.508580
  0.161352   0.093157   0.508580
 -0.161352   0.093157   0.508580
